Chromosome	Chromosome2	Start	End	Type
14	14	31269856	75871426	Deletion
14	14	31269856	39513878	Deletion
7	8	47368687	38292460	"+/-"
7	8	47368688	38292459	"-/+"
11	19	45965064	8030133	"+/-"
11	19	45965069	8030126	"-/+"
1	2	41272212	171547652	"+/+"
1	2	41272213	162631075	"-/-"
8	9	60895263	21845448	"+/+"
8	9	60895267	21845456	"-/-"
19	X	6384984	18456504	"+/-"
19	X	6384980	18456503	"-/+"
10	10	28823741	102794873	"+/-"
10	10	11940759	28823742	"+/-"
3	3	80706876	114735958	"+/+"
3	3	80706874	114735959	"-/-"
5	X	176906708	44759735	"+/-"
5	X	176906713	44759733	"-/+"
5	5	86636063	87441218	"+/-"
1	5	27926584	138665751	"+/+"
1	5	27926596	138665757	"-/-"
X	X	141922633	154066467	"-/-"
12	12	22632423	28964012	Deletion
1	9	231543864	14468907	"+/+"
1	9	231544292	14228722	"-/-"
2	16	51145342	63915823	"-/+"
19	19	29247464	32861768	Deletion
5	X	90466028	110368673	"-/+"
5	X	90719199	110368663	"-/-"
6	6	70100804	80165566	Deletion
13	13	49242720	50834062	Deletion
2	22	149034431	45671558	"+/-"
2	22	149034432	45671560	"-/+"
6	6	116841827	122333156	Deletion
6	6	116841827	166069041	"+/+"
6	6	122333156	166069041	"-/-"
7	13	49277729	101973607	"+/-"
13	13	101969898	109214029	"+/+"
X	X	122982217	123295172	Duplication
X	X	123376856	123461047	Duplication
9	11	140661623	46619320	"+/+"
9	11	140661654	46619326	"-/-"
3	10	71072118	62133175	"+/+"
3	10	71072125	62133183	"-/-"
10	10	2187182	9592748	Deletion
4	4	173991710	179499907	Deletion
10	10	70451274	74987633	Deletion
2	2	41119974	166876479	"+/+"
2	2	41119971	166876483	"-/-"
18	18	65346546	74151289	Deletion
5	5	92616397	93026965	Deletion
11	11	27095138	29949731	Deletion
9	9	100194180	127266258	"+/+"
9	9	100195366	127266339	"-/-"
11	12	35077326	23711192	"+/-"
11	12	35077343	23711182	"-/+"
8	X	23337423	22009995	"+/-"
8	X	23342967	22004187	"-/+"
2	2	171827243	32310434	"+/+"
2	2	171827243	32310711	"-/-"
1	1	120533302	145288006	"+/+"
1	1	120532898	145288014	"-/-"
7	7	69685967	157577842	"+/+"
7	7	69685977	157577842	"-/-"
X	X	44893800	117134725	"+/+"
X	X	44901361	117140815	"-/-"
2	6	200268602	102933427	"+/+"
2	6	200306110	107030770	"-/+"
2	6	200277100	106681471	"-/+"
2	2	225394942	225784907	"-/-"
15	15	41418249	25415771	Duplication
2	5	149015962	119486172	"+/+"
2	5	149016758	119485964	"-/+"
6	8	70405868	61628671	"+/-"
6	8	70405867	61628669	"-/+"
3	5	147428507	11420640	"+/+"
3	5	147428516	11420650	"-/-"
10	14	53889327	46988908	"+/-"
10	14	53889325	46988911	"-/+"
6	20	149604971	6109876	"+/+"
6	20	149604981	6109881	"-/-"
10	15	120586180	25219251	"+/-"
10	15	120586182	25219251	"-/+"
5	15	88058972	100883141	"+/-"
5	15	88058972	100883143	"-/+"
18	18	0	10362350	Deletion
11	17	46010192	18161153	"-/+"
11	18	46010194	10362350	"+/-"
6	6	78901159	80345233	Deletion
6	6	82288681	86681515	Deletion
12	12	82319028	13955818	"+/+"
12	12	82319026	13955816	"-/-"
3	14	156276251	21899864	"+/-"
3	14	156276247	21899864	"-/+"
3	18	118271920	52909158	"+/-"
3	18	118271923	52909152	"-/+"
6	11	79720394	28579817	"-/+"
6	11	76524484	28579922	"-/-"
2	10	23214466	76605926	"+/+"
2	10	23216386	76609386	"-/-"
1	1	61789104	84393785	"+/+"
1	1	61789104	84393785	"-/-"
2	17	2182453	65010604	"+/+"
2	17	2182460	65014386	"-/-"
2	10	2011765	125469053	"+/+"
2	10	2011765	125469215	"-/-"
1	14	7654856	51518575	"+/+"
1	14	7654860	51518584	"-/-"
7	7	47131857	69443921	"+/+"
7	7	47072804	69405740	"-/-"
15	15	57178926	57248506	Deletion
2	12	6266735	24685062	"+/-"
2	12	6266813	24649288	"-/+"
2	12	7852468	24649492	"+/-"
2	12	7852618	24684975	"-/+"
19	5	13131525	162651347	"+/+"
19	5	13134650	162659654	"-/-"
19	21	39140556	38776963	"-/+"
19	21	39140557	38776964	"+/-"
10	2	91389946	149120056	"+/-"
10	2	91389840	149120762	"-/+"
3	18	114447919	65690061	"+/-"
3	18	114447922	65690062	"-/+"
7	5	114129563	14939421	"-/+"
5	7	176621271	137784871	"+/-"
5	7	176621676	137784681	"-/+"
2	2	167032703	167393746	Deletion